0 0 0
55 78 126
88 80 59
8 72 126
43 3 15
45 93 127
8 122 32
13 41 52
14 8 13
78 110 122
112 108 82
8 50 88
82 42 30
40 64 80
8 56 36
13 31 40
8 0 0
111 126 126
127 100 59
8 36 127
33 53 91
20 63 118
8 92 41
8 12 64
15 33 72
78 91 94
102 122 106
8 21 93
109 26 27
31 51 62
8 58 91
12 16 23
83 100 113
78 80 81
8 58 104
35 44 68
53 81 93
8 98 32
9 24 64
24 29 44
71 93 106
8 104 24
8 42 72
74 71 67
38 56 69
8 51 71
8 8 32
8 8 8
102 109 107
127 105 93
8 38 104
38 59 103
43 69 84
8 85 60
8 16 48
24 40 80
72 85 85
46 102 104
8 32 64
103 46 42
21 40 61
8 20 86
8 16 8
64 92 111
116 95 54
8 41 125
66 53 36
34 77 119
8 104 31
16 32 48
15 16 19
74 97 113
17 93 23
8 32 92
87 72 45
33 62 79
8 36 49
8 8 40
0 8 8
101 113 117
123 102 88
8 19 127
50 58 86
45 72 88
8 76 45
8 8 56
30 38 65
78 88 89
9 120 25
8 22 77
107 56 60
22 47 60
8 51 112
16 8 16
89 116 95
89 82 90
8 48 104
61 58 61
30 76 105
8 85 31
16 24 48
23 36 64
85 96 97
8 128 24
8 32 80
77 68 80
22 48 77
8 10 62
16 0 8
101 104 97
121 115 92
8 23 109
53 69 105
32 59 86
8 72 80
8 8 48
23 46 87
71 80 77
48 99 119
8 16 72
11 75 17
27 40 49
8 36 108
1 1 1
69 91 122
108 90 54
8 59 114
52 33 29
32 86 124
8 112 32
8 32 56
28 3 16
86 104 105
120 117 114
8 40 88
72 63 64
46 64 71
8 52 51
9 18 39
8 0 8
108 120 118
124 105 80
8 36 117
39 56 96
22 61 102
8 84 43
8 16 56
16 39 80
63 89 96
68 114 101
8 8 92
121 49 40
36 48 54
8 52 101
8 8 24
119 123 120
61 82 115
8 53 103
46 45 70
53 72 94
8 96 40
8 24 56
18 32 62
62 89 108
8 120 24
8 40 64
80 72 72
26 56 71
8 28 67
92 105 110
123 102 99
8 40 96
44 64 107
25 65 88
8 69 64
16 8 48
74 80 81
31 82 87
100 60 67
16 40 57
8 8 88
16 8 8
66 99 100
118 101 69
8 48 120
72 56 47
23 74 119
8 112 40
8 32 48
25 20 20
82 98 103
97 115 93
8 40 80
80 64 63
26 59 78
8 21 49
8 16 32
99 113 112
121 114 80
8 27 115
51 64 93
38 63 90
8 64 42
24 40 72
60 80 96
39 110 95
8 8 80
103 63 80
18 48 55
8 48 120
8 8 16
89 122 81
106 102 99
8 48 96
72 64 56
38 74 95
8 69 31
8 24 48
32 32 64
61 86 103
8 32 72
74 65 92
17 46 73
8 10 72
26 0 8
103 97 83
128 115 106
8 11 107
54 71 116
17 55 88
8 81 112
24 49 97
71 73 66
34 78 116
8 8 72
8 79 24
30 32 38
8 9 102
61 87 127
102 85 51
8 65 120
61 9 15
44 85 121
8 114 26
16 33 56
5 6 24
77 104 115
120 112 104
8 48 80
82 64 50
55 72 72
8 45 39
8 24 40
0 0 8
111 121 122
127 101 76
